                    -10,2.5,0,      -7.5,2.4,-7.5   0,5,0,
-7.5,2.4,-7.5   0,2.5,-10,      0,5,0,
0,2.5,-10,      7.5,2.5,-7.5    0,5,0,
7.5,2.5,-7.5    10,2.5,0,       0,5,0,
10,2.5,0,       7.5,2.5,7.5,    0,5,0,
7.5,2.5,7.5,    0,2.5,10,       0,5,0,
0,2.5,10,       -7.5,2.5,7.5,   0,5,0,
-7.5,2.5,7.5,   -10,2.5,0,      0,5,0,
//bottom
-10,2.5,0,      -7.5,2.4,-7.5   0,0,0,
-7.5,2.4,-7.5   0,2.5,-10,      0,0,0,
0,2.5,-10,      7.5,2.5,-7.5    0,0,0,
7.5,2.5,-7.5    10,2.5,0,       0,0,0,
10,2.5,0,       7.5,2.5,7.5,    0,0,0,
7.5,2.5,7.5,    0,2.5,10,       0,0,0,
0,2.5,10,       -7.5,2.5,7.5,   0,0,0,
-7.5,2.5,7.5,   -10,2.5,0,      0,0,0

                ] },
                vnormal : {numComponents:3, data: [
                    0,1,0, 0,1,0, 0,1,0, 0,1,0,0,1,0,
                    0,1,0, 0,1,0, 0,1,0, 0,1,0,
                    0,1,0, 0,1,0, 0,1,0, 0,1,0,
                    0,1,0, 0,1,0, 0,1,0, 0,1,0,
                    0,1,0, 0,1,0, 0,1,0, 0,1,0,
                    0,1,0, 0,1,0, 0,1,0, 0,1,0,
                    0,1,0, 0,1,0, 0,1,0, 0,1,0,
                    0,1,0, 0,1,0, 0,1,0, 0,1,0,
                    0,1,0, 0,1,0, 0,1,0, 0,1,0,
                    0,1,0, 0,1,0, 0,1,0, 0,1,0,
                    0,1,0, 0,1,0, 0,1,0, 0,1,0